 Rel Lf/eta 3dS/eta 4dS/Lf 5dUS/Ueta 6dUS/(Epsi*L)^1/3 7ReS 8ISH(0) 9ISH(NL-2) 10dU/d 11dUS/(Epsi*Ds)^1/3
  0.7324229736328125E+003  0.3436993855537934E+003  0.2728602637191796E+003  0.7938922069340546E+000  0.1800881228932754E+002  0.2570941161105588E+001  0.4913889536865167E+004  0.9333827377508794E-001  0.3697780718388519E-001  0.6600012633576650E-001  0.2776546548881083E+001
  0.7324229736328125E+003  0.3723409725637221E+003  0.2955985964405857E+003  0.7938922069340547E+000  0.1835165640210205E+002  0.2550909066689109E+001  0.5424724168838257E+004  0.8779866041466149E-001  0.3534513004055982E-001  0.6208302814488807E-001  0.2754912431593461E+001
  0.7324229736328125E+003  0.4009825937171157E+003  0.3183369562682224E+003  0.7938922069340546E+000  0.1861291390970592E+002  0.2524095867096572E+001  0.5925178682439598E+004  0.8268796374672897E-001  0.3364471269236517E-001  0.5846921985506638E-001  0.2725954905097170E+001
  0.7324229736328125E+003  0.4296242148705093E+003  0.3410753160958591E+003  0.7938922069340546E+000  0.1889331497965077E+002  0.2503870700352578E+001  0.6444043728046566E+004  0.7833806912491804E-001  0.3201672627176459E-001  0.5539337986646218E-001  0.2704112274945560E+001
  0.7324229736328125E+003  0.4582658360239030E+003  0.3638136759234959E+003  0.7938922069340546E+000  0.1916360126330019E+002  0.2485638395657788E+001  0.6971980597410825E+004  0.7449259335081551E-001  0.3085719423035860E-001  0.5267421785724600E-001  0.2684421881620223E+001
  0.7324229736328125E+003  0.4869074571772966E+003  0.3865520357511327E+003  0.7938922069340546E+000  0.1946852263147559E+002  0.2474671200674583E+001  0.7525597464147044E+004  0.7122624013811993E-001  0.3002206756126939E-001  0.5036455738335793E-001  0.2672577609241610E+001
  0.7324229736328125E+003  0.5155490441872253E+003  0.4092903684725387E+003  0.7938922069340547E+000  0.1971507843708063E+002  0.2458716732972796E+001  0.8069192155323420E+004  0.6812115025076791E-001  0.2871680605570657E-001  0.4816892725764443E-001  0.2655347217933244E+001
  0.7324229736328125E+003  0.5441906653406189E+003  0.4320287283001755E+003  0.7938922069340546E+000  0.1990719517524516E+002  0.2438333064142017E+001  0.8600480681725778E+004  0.6516470532605981E-001  0.2777769481766289E-001  0.4607840501325995E-001  0.2633333409837654E+001
  0.7324229736328125E+003  0.5728322864940125E+003  0.4547670881278122E+003  0.7938922069340546E+000  0.2011142404139639E+002  0.2421588299080940E+001  0.9146014245118349E+004  0.6254157072901448E-001  0.2637147615860301E-001  0.4422356873769073E-001  0.2615249518869816E+001
  0.7324229736328125E+003  0.6014738735039410E+003  0.4775054208492182E+003  0.7938922069340546E+000  0.2031501508294438E+002  0.2406642280500707E+001  0.9700530352502867E+004  0.6016637287329037E-001  0.2502632977809164E-001  0.4254405024810516E-001  0.2599108225192519E+001
  0.7324229736328125E+003  0.6301155288007997E+003  0.5002438077830857E+003  0.7938922069340546E+000  0.2055519680464011E+002  0.2397626667827575E+001  0.1028261047659559E+005  0.5811053927457381E-001  0.2419254143692421E-001  0.4109035637172292E-001  0.2589371608644333E+001
  0.7324229736328125E+003  0.6587571158107285E+003  0.5229821405044918E+003  0.7938922069340546E+000  0.2073917512255396E+002  0.2383506574625563E+001  0.1084621878574974E+005  0.5608149839205921E-001  0.2374712934025003E-001  0.3965560779619567E-001  0.2574122291918210E+001
