 Rel Lf/eta 3dS/eta 4dS/Lf 5dUS/Ueta 6dUS/(Epsi*L)^1/3 7ReS 8ISH(0) 9ISH(NL-2) 10dU/d 11dUS/(Epsi*Ds)^1/3
  0.6003364868164062E+003  0.2441819645894208E+003  0.1938541587613884E+003  0.7938922069340545E+000  0.1514619994072209E+002  0.2423255153273917E+001  0.2936153916626385E+004  0.1104952405619924E+000  0.4421346018511099E-001  0.7813193385863143E-001  0.2617049676075674E+001
  0.6003364868164062E+003  0.2645304414241243E+003  0.2100086559434377E+003  0.7938922069340546E+000  0.1541558601768303E+002  0.2401420094218526E+001  0.3237406575887229E+004  0.1038096798837650E+000  0.4188183941580294E-001  0.7340452861265032E-001  0.2593468406001493E+001
  0.6003364868164062E+003  0.2848789425161257E+003  0.2261631723831667E+003  0.7938922069340546E+000  0.1565630722043623E+002  0.2379409576989911E+001  0.3540880191611707E+004  0.9789994683242785E-001  0.4043161523015619E-001  0.6922571627272057E-001  0.2569697645871019E+001
  0.6003364868164062E+003  0.3052274436081271E+003  0.2423176888228957E+003  0.7938922069340546E+000  0.1590741047854739E+002  0.2362607696644251E+001  0.3854647032491083E+004  0.9283877011003398E-001  0.3833004824166409E-001  0.6564692385542061E-001  0.2551552071948825E+001
  0.6003364868164062E+003  0.3255759447001284E+003  0.2584722052626246E+003  0.7938922069340546E+000  0.1611560562713110E+002  0.2342587638701108E+001  0.4165436223030047E+004  0.8817547168355985E-001  0.3651474756078806E-001  0.6234947391837006E-001  0.2529930953725128E+001
  0.6003364868164062E+003  0.3459244457921298E+003  0.2746267217023537E+003  0.7938922069340546E+000  0.1629618804538298E+002  0.2321447832391529E+001  0.4475368803841623E+004  0.8391860261160489E-001  0.3513084747749159E-001  0.5933941293946315E-001  0.2507100537712170E+001
  0.6003364868164062E+003  0.3662729226268333E+003  0.2907812188844030E+003  0.7938922069340546E+000  0.1648486859155743E+002  0.2304007404520535E+001  0.4793490294337156E+004  0.8017410957393037E-001  0.3364938943276201E-001  0.5669165655654698E-001  0.2488265349825026E+001
  0.6003364868164062E+003  0.3866214237188347E+003  0.3069357353241319E+003  0.7938922069340546E+000  0.1670032877114976E+002  0.2292431501581425E+001  0.5125927811439246E+004  0.7694715632962060E-001  0.3285788517392867E-001  0.5440985606093145E-001  0.2475763689405094E+001
  0.6003364868164062E+003  0.4069699248108361E+003  0.3230902517638609E+003  0.7938922069340546E+000  0.1686918362736209E+002  0.2276354757910000E+001  0.5450268912714221E+004  0.7383890021066510E-001  0.3179773606519049E-001  0.5221198704443405E-001  0.2458401243374261E+001
  0.6003364868164062E+003  0.4273184016455396E+003  0.3392447489459101E+003  0.7938922069340545E+000  0.1708186128284519E+002  0.2267869066006055E+001  0.5794931877989436E+004  0.7120935715796016E-001  0.3042509628196704E-001  0.5035261931991617E-001  0.2449236926847999E+001
  0.6003364868164062E+003  0.4476669269948388E+003  0.3553992846433189E+003  0.7938922069340546E+000  0.1723165832950027E+002  0.2252554924889573E+001  0.6124119186784974E+004  0.6856863974041620E-001  0.2855562071773003E-001  0.4848535012545289E-001  0.2432698070840980E+001
  0.6003364868164062E+003  0.4680154038295424E+003  0.3715537818253682E+003  0.7938922069340547E+000  0.1737865186704979E+002  0.2238356989487692E+001  0.6457103975280899E+004  0.6614688633771669E-001  0.2775467786732127E-001  0.4677291186763827E-001  0.2417364686655564E+001
