 Rel Lf/eta 3dS/eta 4dS/Lf 5dUS/Ueta 6dUS/(Epsi*L)^1/3 7ReS 8ISH(0) 9ISH(NL-2) 10dU/d 11dUS/(Epsi*Ds)^1/3
  0.4326302795410156E+003  0.1562149358700878E+003  0.1240178201939658E+003  0.7938922069340545E+000  0.1176771156488956E+002  0.2184998587556486E+001  0.1459406063833900E+004  0.1341908491635639E+000  0.5369403930402182E-001  0.9488725939660544E-001  0.2359739063410188E+001
  0.4326302795410156E+003  0.1692328342604627E+003  0.1343526282767438E+003  0.7938922069340546E+000  0.1190590040489991E+002  0.2152454762717416E+001  0.1599589150472348E+004  0.1253230796594020E+000  0.5061703189236313E-001  0.8861679939952112E-001  0.2324592617466069E+001
  0.4326302795410156E+003  0.1822507481693965E+003  0.1446874486795847E+003  0.7938922069340545E+000  0.1204915817760820E+002  0.2125202226814366E+001  0.1743362107027819E+004  0.1177716682127418E+000  0.4865449992807293E-001  0.8327714522232578E-001  0.2295160619700187E+001
  0.4326302795410156E+003  0.1952686620783303E+003  0.1550222690824257E+003  0.7938922069340545E+000  0.1221579536455058E+002  0.2105608192271752E+001  0.1893720480704734E+004  0.1114403941610315E+000  0.4637127585744690E-001  0.7880025836185685E-001  0.2273999595165283E+001
  0.4326302795410156E+003  0.2082865759872641E+003  0.1653570894852667E+003  0.7938922069340545E+000  0.1235078386579504E+002  0.2083566778509547E+001  0.2042289850472034E+004  0.1056298546432132E+000  0.4411336768577916E-001  0.7469158649080225E-001  0.2250195467618625E+001
  0.4326302795410156E+003  0.2213044898961979E+003  0.1756919098881077E+003  0.7938922069340545E+000  0.1250351407009106E+002  0.2067134210457070E+001  0.2196766458280342E+004  0.1006457181362831E+000  0.4269003866501701E-001  0.7116726977953153E-001  0.2232448740931291E+001
  0.4326302795410156E+003  0.2343223882865727E+003  0.1860267179708857E+003  0.7938922069340546E+000  0.1263475095139177E+002  0.2049409536920190E+001  0.2350401456217623E+004  0.9605198443262505E-001  0.4055200768509042E-001  0.6791900949893545E-001  0.2213306575453764E+001
  0.4326302795410156E+003  0.2473403021955066E+003  0.1963615383737267E+003  0.7938922069340546E+000  0.1274795686454776E+002  0.2030839576077318E+001  0.2503208638680692E+004  0.9181193475559601E-001  0.3901792356474932E-001  0.6492084162172629E-001  0.2193251522669529E+001
  0.4326302795410156E+003  0.2603582161044404E+003  0.2066963587765676E+003  0.7938922069340546E+000  0.1286794619859132E+002  0.2015203006237690E+001  0.2659757855428626E+004  0.8804230225714477E-001  0.3791907244866662E-001  0.6225530889159428E-001  0.2176364452408503E+001
  0.4326302795410156E+003  0.2733761144948152E+003  0.2170311668593456E+003  0.7938922069340546E+000  0.1298161215488186E+002  0.2000207734962258E+001  0.2817414678643639E+004  0.8459048289120243E-001  0.3732659454297853E-001  0.5981450407245166E-001  0.2160169967159594E+001
  0.4326302795410156E+003  0.2863940439223080E+003  0.2273659995822496E+003  0.7938922069340545E+000  0.1309128098830861E+002  0.1986068142746775E+001  0.2976512446505471E+004  0.8142759429073493E-001  0.3571039697704236E-001  0.5757800404135846E-001  0.2144899592029109E+001
  0.4326302795410156E+003  0.2994119423126828E+003  0.2377008076650276E+003  0.7938922069340546E+000  0.1319636486569794E+002  0.1972564757951305E+001  0.3136786859540097E+004  0.7851246942377675E-001  0.3377881905458159E-001  0.5551669952430905E-001  0.2130316303613456E+001
