 Rel Lf/eta 3dS/eta 4dS/Lf 5dUS/Ueta 6dUS/(Epsi*L)^1/3 7ReS 8ISH(0) 9ISH(NL-2) 10dU/d 11dUS/(Epsi*Ds)^1/3
  0.4979544067382812E+003  0.1939476299782319E+003  0.1539735119930480E+003  0.7938922069340546E+000  0.1377667106104821E+002  0.2380031982802444E+001  0.2121242470530968E+004  0.1265357563811772E+000  0.5046921674641374E-001  0.8947429133398380E-001  0.2570369827225045E+001
  0.4979544067382812E+003  0.2101099164206136E+003  0.1668046252458907E+003  0.7938922069340546E+000  0.1400230834594062E+002  0.2355324681371388E+001  0.2335649844326277E+004  0.1187152579359433E+000  0.4757524934859483E-001  0.8394436383824071E-001  0.2543686613482781E+001
  0.4979544067382812E+003  0.2262722221299605E+003  0.1796357537946270E+003  0.7938922069340546E+000  0.1420500606371190E+002  0.2331118432935735E+001  0.2551727024466631E+004  0.1118313673154299E+000  0.4542023391125716E-001  0.7907671811670541E-001  0.2517544523351685E+001
  0.4979544067382812E+003  0.2424345278393073E+003  0.1924668823433632E+003  0.7938922069340546E+000  0.1440403445173216E+002  0.2310039056058127E+001  0.2772299661188620E+004  0.1058383673641146E+000  0.4356981158177122E-001  0.7483902724656670E-001  0.2494779369482151E+001
  0.4979544067382812E+003  0.2585968335486542E+003  0.2052980108920995E+003  0.7938922069340545E+000  0.1460826050850036E+002  0.2292929838211316E+001  0.2999046886756078E+004  0.1006302972083131E+000  0.4148939630561121E-001  0.7115636553033818E-001  0.2476301879415366E+001
  0.4979544067382812E+003  0.2747591392580011E+003  0.2181291394408357E+003  0.7938922069340546E+000  0.1478479405661236E+002  0.2274213458113507E+001  0.3224994470799719E+004  0.9585540036659534E-001  0.3974165863166903E-001  0.6778000357609651E-001  0.2456088697817008E+001
  0.4979544067382812E+003  0.2909214257003827E+003  0.2309602526936784E+003  0.7938922069340546E+000  0.1498078218130282E+002  0.2260871686010834E+001  0.3459965309402916E+004  0.9173017780330210E-001  0.3826070401034648E-001  0.6486303075356063E-001  0.2441679946715250E+001
  0.4979544067382812E+003  0.3070837314097296E+003  0.2437913812424147E+003  0.7938922069340546E+000  0.1518151266757577E+002  0.2250243094493858E+001  0.3701122018804555E+004  0.8806669336313616E-001  0.3719317128953267E-001  0.6227255606592001E-001  0.2430201356873375E+001
  0.4979544067382812E+003  0.3232460371190764E+003  0.2566225097911509E+003  0.7938922069340546E+000  0.1534535928812853E+002  0.2235970068411643E+001  0.3937964695271465E+004  0.8456629527766865E-001  0.3614297351870962E-001  0.5979740081091486E-001  0.2414786876794951E+001
  0.4979544067382812E+003  0.3394083235614581E+003  0.2694536230439936E+003  0.7938922069340546E+000  0.1552834912280449E+002  0.2226133051906740E+001  0.4184170017207424E+004  0.8149974529854027E-001  0.3462645514601300E-001  0.5762902250783442E-001  0.2404163166442812E+001
  0.4979544067382812E+003  0.3555706485377702E+003  0.2822847668886234E+003  0.7938922069340545E+000  0.1568515722385426E+002  0.2214013350904632E+001  0.4427681041738113E+004  0.7858079632513140E-001  0.3364659076495296E-001  0.5556501393602028E-001  0.2391074218900971E+001
  0.4979544067382812E+003  0.3717329349801518E+003  0.2951158801414661E+003  0.7938922069340545E+000  0.1586610485215121E+002  0.2206615341845115E+001  0.4682339594295255E+004  0.7603135536529627E-001  0.3300522997430507E-001  0.5376228695071187E-001  0.2383084570272077E+001
